20
0.00 1.25 0.57 0.76 0.58 1.43 1.33 1.23 1.25 0.38 0.74 0.82 0.84 1.39 0.56 1.13 1.02 1.48 0.90 1.32
1.25 0.00 1.04 1.07 1.26 0.61 1.59 0.57 1.13 1.31 1.22 1.14 0.30 0.93 0.72 0.42 1.07 0.50 1.37 1.11
0.57 1.04 0.00 1.27 1.15 0.77 1.11 1.25 0.75 1.03 0.69 0.70 0.65 0.90 0.54 1.41 1.37 1.02 1.30 1.70
0.76 1.07 1.27 0.00 1.41 1.12 1.15 0.95 1.19 0.39 1.09 0.53 1.45 1.57 1.06 1.05 0.90 0.71 0.72 0.48
0.58 1.26 1.15 1.41 0.00 1.49 1.06 1.00 1.13 0.91 0.89 1.46 0.80 1.17 0.78 0.94 0.73 1.61 0.87 1.21
1.43 0.61 0.77 1.12 1.49 0.00 0.85 1.22 0.65 1.22 0.53 0.50 0.75 0.65 0.69 1.19 1.10 0.69 1.17 0.80
1.33 1.59 1.11 1.15 1.06 0.85 0.00 1.71 1.07 1.02 0.97 0.58 1.61 0.61 1.52 1.31 1.25 1.28 0.64 0.52
1.23 0.57 1.25 0.95 1.00 1.22 1.71 0.00 0.80 1.35 1.40 1.67 0.76 1.33 0.80 0.77 0.68 0.45 1.15 1.34
1.25 1.13 0.75 1.19 1.13 0.65 1.07 0.80 0.00 1.08 0.53 1.08 1.06 1.23 0.70 1.65 0.95 0.74 1.54 1.23
0.38 1.31 1.03 0.39 0.91 1.22 1.02 1.35 1.08 0.00 0.77 0.54 1.41 1.49 0.75 1.37 1.28 1.41 0.76 0.64
0.74 1.22 0.69 1.09 0.89 0.53 0.97 1.40 0.53 0.77 0.00 0.70 0.81 0.93 0.62 1.39 0.68 1.36 1.22 0.97
0.82 1.14 0.70 0.53 1.46 0.50 0.58 1.67 1.08 0.54 0.70 0.00 1.28 1.05 0.88 1.38 1.35 0.94 0.79 0.56
0.84 0.30 0.65 1.45 0.80 0.75 1.61 0.76 1.06 1.41 0.81 1.28 0.00 0.81 0.56 0.51 0.80 0.92 1.48 1.55
1.39 0.93 0.90 1.57 1.17 0.65 0.61 1.33 1.23 1.49 0.93 1.05 0.81 0.00 1.28 0.77 1.14 1.30 0.83 1.02
0.56 0.72 0.54 1.06 0.78 0.69 1.52 0.80 0.70 0.75 0.62 0.88 0.56 1.28 0.00 1.38 1.12 1.01 1.03 1.40
1.13 0.42 1.41 1.05 0.94 1.19 1.31 0.77 1.65 1.37 1.39 1.38 0.51 0.77 1.38 0.00 0.67 0.90 1.09 0.92
1.02 1.07 1.37 0.90 0.73 1.10 1.25 0.68 0.95 1.28 0.68 1.35 0.80 1.14 1.12 0.67 0.00 0.93 1.04 0.93
1.48 0.50 1.02 0.71 1.61 0.69 1.28 0.45 0.74 1.41 1.36 0.94 0.92 1.30 1.01 0.90 0.93 0.00 1.31 1.04
0.90 1.37 1.30 0.72 0.87 1.17 0.64 1.15 1.54 0.76 1.22 0.79 1.48 0.83 1.03 1.09 1.04 1.31 0.00 0.62
1.32 1.11 1.70 0.48 1.21 0.80 0.52 1.34 1.23 0.64 0.97 0.56 1.55 1.02 1.40 0.92 0.93 1.04 0.62 0.00
